FINAL PROJECT
Farahiyah Syarafina (11/319311/TK/38440)
 
 
player	channel initialization list
0	1
1	3
2	2
3	3
4	2
5	1
6	1
7	2
8	0
9	0
10	1
11	3
12	1
13	1
14	2
15	0
16	0
17	2
18	0
19	1
20	1
21	2
22	0
23	3
24	0
25	0
26	0
27	2
28	0
29	2
30	2
31	0
32	1
33	0
34	1
 
player	SINR initialization list
0	11.386766
1	3.528534
2	2.6310263
3	10.650599
4	6.6924515
5	0.6075091
6	1.4405581
7	3.741681
8	1.1958143
9	2.670968
10	1.0659701
11	3.5334485
12	5.7305045
13	6.1415567
14	0.7506704
15	3.8966663
16	0.8793226
17	9.178835
18	0.6488413
19	1.2838185
20	4.830547
21	0.9077986
22	5.475896
23	2.4131668
24	2.286671
25	0.23076798
26	0.38999647
27	2.2837546
28	0.61786443
29	0.6871302
30	0.119852595
31	0.5876105
32	2.505706
33	2.7649217
34	0.9365365
 
player	utility initialization
0	0.0
1	0.0
2	0.0
3	0.0
4	0.0
5	0.0
6	0.0
7	0.0
8	0.0
9	0.0
10	0.0
11	0.0
12	0.0
13	0.0
14	0.0
15	0.0
16	0.0
17	0.0
18	0.0
19	0.0
20	0.0
21	0.0
22	0.0
23	0.0
24	0.0
25	0.0
26	0.0
27	0.0
28	0.0
29	0.0
30	0.0
31	0.0
32	0.0
33	0.0
34	0.0
 
iter	player	best channel	utility		SINR		throughput	network throughput	potential function
1	0		3	-2.928525E-7	11.422206	3.6348495	14.579812		-3.492417E-5
2	1		2	-8.914243E-7	3.095578	2.0340672	15.041892		-3.4895067E-5
3	2		1	-4.4067173E-7	4.279987	2.4005344	15.212713		-3.442179E-5
4	3		3	-9.792831E-8	13.76859	3.8844604	15.212713		-3.442179E-5
5	4		3	-7.7303736E-7	5.9464407	2.796274	15.257454		-3.384653E-5
6	5		3	-7.1318533E-7	3.3619146	2.1249616	15.804248		-3.109443E-5
7	6		3	-8.943825E-7	2.2509146	1.7008456	16.04942		-3.060858E-5
8	7		3	-4.282055E-7	5.601202	2.7227287	16.308468		-2.9897597E-5
9	8		3	-4.944535E-7	2.654022	1.8694853	16.582851		-2.9231276E-5
10	9		2	-7.03864E-7	4.1439004	2.3628628	16.408733		-2.8853578E-5
11	10		1	-9.375409E-7	4.4248285	2.4395776	16.408733		-2.8853578E-5
12	11		2	-7.455596E-7	2.0506923	1.6091367	16.769955		-2.8380775E-5
13	12		1	-3.007065E-7	6.60847	2.9276063	16.769955		-2.8380775E-5
14	13		1	-2.2632304E-7	11.315131	3.6223602	16.769955		-2.8380775E-5
15	14		0	-5.9744497E-7	2.4905686	1.803462	17.247854		-2.704706E-5
16	15		0	-5.199181E-7	5.0737247	2.6025815	17.247854		-2.704706E-5
17	16		1	-9.64427E-7	2.853165	1.9460438	17.620152		-2.3405217E-5
18	17		1	-4.5643966E-7	5.7493253	2.7547433	17.87835		-2.3274233E-5
19	18		0	-9.597604E-7	1.6087973	1.3833848	17.87835		-2.3274233E-5
20	19		1	-7.830181E-7	1.6656204	1.4144713	17.87835		-2.3274233E-5
21	20		3	-8.5386523E-7	4.370609	2.4250855	18.009733		-2.319868E-5
22	21		2	-4.998049E-7	3.9484012	2.3069625	18.009733		-2.319868E-5
23	22		0	-5.2604554E-7	5.8848996	2.7834356	18.009733		-2.319868E-5
24	23		3	-5.235971E-7	4.22526	2.3855028	18.009733		-2.319868E-5
25	24		0	-4.7156362E-7	4.19576	2.3773348	18.009733		-2.319868E-5
26	25		2	-7.94742E-7	1.7515044	1.4602206	18.606659		-1.880471E-5
27	26		0	-1.7372615E-6	1.2157958	1.1478249	18.606659		-1.880471E-5
28	27		2	-6.195396E-7	4.5031576	2.4602597	18.606659		-1.880471E-5
29	28		2	-9.87236E-7	2.2593668	1.7045918	18.983864		-1.8038265E-5
30	29		1	-1.1410958E-6	1.138554	1.0966357	19.371029		-1.1831078E-5
31	30		2	-4.779498E-7	3.5627875	2.1899154	19.371029		-1.1831078E-5
32	31		0	-5.709388E-7	3.161476	2.0570953	19.371029		-1.1831078E-5
33	32		0	-5.4415295E-7	4.23009	2.3868358	19.449184		-1.1639521E-5
34	33		0	-5.920317E-7	6.130377	2.8339782	19.449184		-1.1639521E-5
35	34		0	-1.0687245E-6	1.1592966	1.1105614	19.63926		-1.15562125E-5
36	0		3	-3.270025E-7	11.921149	3.6916625	19.63926		-1.15562125E-5
37	1		1	-6.982618E-7	3.2298117	2.0805936	19.740211		-1.1245596E-5
38	2		1	-4.31025E-7	4.4166613	2.437404	19.740211		-1.1245596E-5
39	3		3	-6.5475393E-7	2.0978503	1.6312674	19.740211		-1.1245596E-5
40	4		3	-1.1639224E-6	3.978504	2.3157125	19.740211		-1.1245596E-5
41	5		3	-8.1174784E-7	2.898239	1.9628226	19.740211		-1.1245596E-5
42	6		2	-1.0620355E-6	2.303835	1.7241416	19.652973		-1.1237966E-5
43	7		3	-7.489053E-7	3.2592788	2.0906093	19.652973		-1.1237966E-5
44	8		3	-3.4957728E-7	4.0349526	2.3319783	19.652973		-1.1237966E-5
45	9		2	-5.667529E-7	5.423063	2.6832614	19.652973		-1.1237966E-5
46	10		1	-6.128836E-7	5.754924	2.7559395	19.652973		-1.1237966E-5
47	11		2	-6.910868E-7	2.3539002	1.7458397	19.652973		-1.1237966E-5
48	12		3	-3.4249297E-7	5.115373	2.6124406	19.629818		-1.1220431E-5
49	13		1	-3.9951522E-7	6.550728	2.9166155	19.629818		-1.1220431E-5
50	14		0	-5.2652E-7	2.706068	1.8898894	19.629818		-1.1220431E-5
51	15		1	-5.4805525E-7	4.509584	2.4619434	19.473787		-1.1179667E-5
52	16		1	-8.965744E-7	3.07762	2.0277274	19.473787		-1.1179667E-5
53	17		0	-3.9253473E-7	6.587076	2.9235442	19.556305		-1.1172992E-5
54	18		0	-1.0599205E-6	1.7593504	1.4643285	19.556305		-1.1172992E-5
55	19		1	-7.681629E-7	1.7290869	1.4484183	19.556305		-1.1172992E-5
56	20		1	-5.65622E-7	5.3109055	2.6578472	19.841898		-1.0945858E-5
57	21		2	-5.0331E-7	4.3606606	2.4224107	19.841898		-1.0945858E-5
58	22		0	-5.267116E-7	5.5088286	2.702398	19.841898		-1.0945858E-5
59	23		3	-4.61312E-7	4.7403903	2.521149	19.841898		-1.0945858E-5
60	24		0	-4.8563277E-7	3.695012	2.231129	19.841898		-1.0945858E-5
61	25		2	-3.2889568E-7	4.6083236	2.4875696	19.841898		-1.0945858E-5
62	26		0	-9.3459533E-7	1.9848433	1.5776552	19.841898		-1.0945858E-5
63	27		2	-7.916649E-7	3.791845	2.2605815	19.841898		-1.0945858E-5
64	28		2	-8.3198677E-7	2.400569	1.7657762	19.841898		-1.0945858E-5
65	29		1	-8.095291E-7	1.7442545	1.4564142	19.841898		-1.0945858E-5
66	30		2	-5.4113593E-7	2.9821825	1.9935592	19.841898		-1.0945858E-5
67	31		0	-6.666451E-7	2.782442	1.919318	19.841898		-1.0945858E-5
68	32		0	-6.06991E-7	3.702661	2.2334774	19.841898		-1.0945858E-5
69	33		0	-6.280538E-7	5.9207473	2.7909276	19.841898		-1.0945858E-5
70	34		0	-9.541749E-7	1.3581231	1.237639	19.841898		-1.0945858E-5
71	0		3	-2.8430105E-7	13.714837	3.8791997	19.841898		-1.0945858E-5
72	1		1	-7.386937E-7	3.0316901	2.0113847	19.841898		-1.0945858E-5
73	2		1	-4.3118433E-7	4.4058304	2.4345162	19.841898		-1.0945858E-5
74	3		3	-3.809645E-7	3.520722	2.176553	19.841898		-1.0945858E-5
75	4		3	-7.903034E-7	5.0311885	2.5924425	19.841898		-1.0945858E-5
76	5		3	-6.843954E-7	3.3693955	2.1274335	19.841898		-1.0945858E-5
77	6		3	-9.960274E-7	2.2128706	1.6838629	19.880447		-1.0879849E-5
78	7		3	-5.9067963E-7	4.395075	2.431643	19.880447		-1.0879849E-5
79	8		3	-5.240385E-7	2.6834552	1.8810598	19.880447		-1.0879849E-5
80	9		2	-4.556695E-7	6.5282216	2.9123092	19.880447		-1.0879849E-5
81	10		1	-7.517318E-7	4.7252626	2.5173419	19.880447		-1.0879849E-5
82	11		2	-4.831985E-7	3.4322038	2.1480243	19.880447		-1.0879849E-5
83	12		3	-3.2996243E-7	5.208096	2.634151	19.880447		-1.0879849E-5
84	13		1	-4.3181487E-7	6.0467033	2.8169487	19.880447		-1.0879849E-5
85	14		0	-5.252181E-7	2.7127078	1.8924718	19.880447		-1.0879849E-5
86	15		1	-4.3645227E-7	6.430495	2.8934581	19.880447		-1.0879849E-5
87	16		1	-1.0702703E-6	2.7894921	1.9220045	19.880447		-1.0879849E-5
88	17		0	-3.9253473E-7	6.587076	2.9235442	19.880447		-1.0879849E-5
89	18		0	-1.0599205E-6	1.7593504	1.4643285	19.880447		-1.0879849E-5
90	19		1	-8.226476E-7	1.6106962	1.3844346	19.880447		-1.0879849E-5
91	20		1	-5.65622E-7	5.3109055	2.6578472	19.880447		-1.0879849E-5
92	21		2	-4.0842602E-7	5.4676685	2.6932456	19.880447		-1.0879849E-5
93	22		0	-5.267116E-7	5.5088286	2.702398	19.880447		-1.0879849E-5
94	23		3	-5.165128E-7	4.265665	2.3966157	19.880447		-1.0879849E-5
95	24		0	-4.8563277E-7	3.695012	2.231129	19.880447		-1.0879849E-5
96	25		2	-2.7493417E-7	5.45542	2.690511	19.880447		-1.0879849E-5
97	26		0	-9.3459533E-7	1.9848433	1.5776552	19.880447		-1.0879849E-5
98	27		2	-5.010247E-7	5.6117973	2.7250426	19.880447		-1.0879849E-5
99	28		2	-6.1476374E-7	3.5084872	2.1726434	19.880447		-1.0879849E-5
100	29		1	-8.095291E-7	1.7442545	1.4564142	19.880447		-1.0879849E-5
101	30		2	-4.5478092E-7	3.7824304	2.257744	19.880447		-1.0879849E-5
102	31		0	-6.666451E-7	2.782442	1.919318	19.880447		-1.0879849E-5
103	32		0	-6.06991E-7	3.702661	2.2334774	19.880447		-1.0879849E-5
104	33		0	-6.280538E-7	5.9207473	2.7909276	19.880447		-1.0879849E-5
105	34		0	-9.541749E-7	1.3581231	1.237639	19.880447		-1.0879849E-5
106	0		3	-3.2715525E-7	11.881414	3.687219	19.880447		-1.0879849E-5
107	1		1	-7.386937E-7	3.0316901	2.0113847	19.880447		-1.0879849E-5
108	2		1	-4.3118433E-7	4.4058304	2.4345162	19.880447		-1.0879849E-5
109	3		3	-5.169578E-7	2.5178092	1.8146771	19.880447		-1.0879849E-5
110	4		3	-1.1375812E-6	4.046573	2.335304	19.880447		-1.0879849E-5
111	5		3	-7.895633E-7	2.9737566	1.9905034	19.880447		-1.0879849E-5
112	6		3	-9.960274E-7	2.2128706	1.6838629	19.880447		-1.0879849E-5
113	7		3	-5.9067963E-7	4.395075	2.431643	19.880447		-1.0879849E-5
114	8		3	-5.240385E-7	2.6834552	1.8810598	19.880447		-1.0879849E-5
115	9		2	-4.556695E-7	6.5282216	2.9123092	19.880447		-1.0879849E-5
116	10		1	-7.517318E-7	4.7252626	2.5173419	19.880447		-1.0879849E-5
117	11		2	-4.831985E-7	3.4322038	2.1480243	19.880447		-1.0879849E-5
118	12		3	-3.2996243E-7	5.208096	2.634151	19.880447		-1.0879849E-5
119	13		1	-4.3181487E-7	6.0467033	2.8169487	19.880447		-1.0879849E-5
120	14		0	-5.252181E-7	2.7127078	1.8924718	19.880447		-1.0879849E-5
121	15		1	-4.3645227E-7	6.430495	2.8934581	19.880447		-1.0879849E-5
122	16		1	-1.0702703E-6	2.7894921	1.9220045	19.880447		-1.0879849E-5
123	17		0	-3.9253473E-7	6.587076	2.9235442	19.880447		-1.0879849E-5
124	18		0	-1.0599205E-6	1.7593504	1.4643285	19.880447		-1.0879849E-5
125	19		1	-8.226476E-7	1.6106962	1.3844346	19.880447		-1.0879849E-5
126	20		1	-5.65622E-7	5.3109055	2.6578472	19.880447		-1.0879849E-5
127	21		2	-4.0842602E-7	5.4676685	2.6932456	19.880447		-1.0879849E-5
128	22		0	-5.267116E-7	5.5088286	2.702398	19.880447		-1.0879849E-5
129	23		3	-5.165128E-7	4.265665	2.3966157	19.880447		-1.0879849E-5
130	24		0	-4.8563277E-7	3.695012	2.231129	19.880447		-1.0879849E-5
131	25		2	-2.7493417E-7	5.45542	2.690511	19.880447		-1.0879849E-5
132	26		0	-9.3459533E-7	1.9848433	1.5776552	19.880447		-1.0879849E-5
133	27		2	-5.010247E-7	5.6117973	2.7250426	19.880447		-1.0879849E-5
134	28		2	-6.1476374E-7	3.5084872	2.1726434	19.880447		-1.0879849E-5
135	29		1	-8.095291E-7	1.7442545	1.4564142	19.880447		-1.0879849E-5
136	30		2	-4.5478092E-7	3.7824304	2.257744	19.880447		-1.0879849E-5
137	31		0	-6.666451E-7	2.782442	1.919318	19.880447		-1.0879849E-5
138	32		0	-6.06991E-7	3.702661	2.2334774	19.880447		-1.0879849E-5
139	33		0	-6.280538E-7	5.9207473	2.7909276	19.880447		-1.0879849E-5
140	34		0	-9.541749E-7	1.3581231	1.237639	19.880447		-1.0879849E-5
141	0		3	-3.2715525E-7	11.881414	3.687219	19.880447		-1.0879849E-5
142	1		1	-7.386937E-7	3.0316901	2.0113847	19.880447		-1.0879849E-5
143	2		1	-4.3118433E-7	4.4058304	2.4345162	19.880447		-1.0879849E-5
144	3		3	-5.169578E-7	2.5178092	1.8146771	19.880447		-1.0879849E-5
145	4		3	-1.1375812E-6	4.046573	2.335304	19.880447		-1.0879849E-5
146	5		3	-7.895633E-7	2.9737566	1.9905034	19.880447		-1.0879849E-5
147	6		3	-9.960274E-7	2.2128706	1.6838629	19.880447		-1.0879849E-5
148	7		3	-5.9067963E-7	4.395075	2.431643	19.880447		-1.0879849E-5
149	8		3	-5.240385E-7	2.6834552	1.8810598	19.880447		-1.0879849E-5
150	9		2	-4.556695E-7	6.5282216	2.9123092	19.880447		-1.0879849E-5
151	10		1	-7.517318E-7	4.7252626	2.5173419	19.880447		-1.0879849E-5
152	11		2	-4.831985E-7	3.4322038	2.1480243	19.880447		-1.0879849E-5
153	12		3	-3.2996243E-7	5.208096	2.634151	19.880447		-1.0879849E-5
154	13		1	-4.3181487E-7	6.0467033	2.8169487	19.880447		-1.0879849E-5
155	14		0	-5.252181E-7	2.7127078	1.8924718	19.880447		-1.0879849E-5
156	15		1	-4.3645227E-7	6.430495	2.8934581	19.880447		-1.0879849E-5
157	16		1	-1.0702703E-6	2.7894921	1.9220045	19.880447		-1.0879849E-5
158	17		0	-3.9253473E-7	6.587076	2.9235442	19.880447		-1.0879849E-5
159	18		0	-1.0599205E-6	1.7593504	1.4643285	19.880447		-1.0879849E-5
160	19		1	-8.226476E-7	1.6106962	1.3844346	19.880447		-1.0879849E-5
161	20		1	-5.65622E-7	5.3109055	2.6578472	19.880447		-1.0879849E-5
162	21		2	-4.0842602E-7	5.4676685	2.6932456	19.880447		-1.0879849E-5
163	22		0	-5.267116E-7	5.5088286	2.702398	19.880447		-1.0879849E-5
164	23		3	-5.165128E-7	4.265665	2.3966157	19.880447		-1.0879849E-5
165	24		0	-4.8563277E-7	3.695012	2.231129	19.880447		-1.0879849E-5
166	25		2	-2.7493417E-7	5.45542	2.690511	19.880447		-1.0879849E-5
167	26		0	-9.3459533E-7	1.9848433	1.5776552	19.880447		-1.0879849E-5
168	27		2	-5.010247E-7	5.6117973	2.7250426	19.880447		-1.0879849E-5
169	28		2	-6.1476374E-7	3.5084872	2.1726434	19.880447		-1.0879849E-5
170	29		1	-8.095291E-7	1.7442545	1.4564142	19.880447		-1.0879849E-5
171	30		2	-4.5478092E-7	3.7824304	2.257744	19.880447		-1.0879849E-5
172	31		0	-6.666451E-7	2.782442	1.919318	19.880447		-1.0879849E-5
173	32		0	-6.06991E-7	3.702661	2.2334774	19.880447		-1.0879849E-5
174	33		0	-6.280538E-7	5.9207473	2.7909276	19.880447		-1.0879849E-5
175	34		0	-9.541749E-7	1.3581231	1.237639	19.880447		-1.0879849E-5
176	0		3	-3.2715525E-7	11.881414	3.687219	19.880447		-1.0879849E-5
177	1		1	-7.386937E-7	3.0316901	2.0113847	19.880447		-1.0879849E-5
178	2		1	-4.3118433E-7	4.4058304	2.4345162	19.880447		-1.0879849E-5
179	3		3	-5.169578E-7	2.5178092	1.8146771	19.880447		-1.0879849E-5
180	4		3	-1.1375812E-6	4.046573	2.335304	19.880447		-1.0879849E-5
181	5		3	-7.895633E-7	2.9737566	1.9905034	19.880447		-1.0879849E-5
182	6		3	-9.960274E-7	2.2128706	1.6838629	19.880447		-1.0879849E-5
183	7		3	-5.9067963E-7	4.395075	2.431643	19.880447		-1.0879849E-5
184	8		3	-5.240385E-7	2.6834552	1.8810598	19.880447		-1.0879849E-5
185	9		2	-4.556695E-7	6.5282216	2.9123092	19.880447		-1.0879849E-5
186	10		1	-7.517318E-7	4.7252626	2.5173419	19.880447		-1.0879849E-5
187	11		2	-4.831985E-7	3.4322038	2.1480243	19.880447		-1.0879849E-5
188	12		3	-3.2996243E-7	5.208096	2.634151	19.880447		-1.0879849E-5
189	13		1	-4.3181487E-7	6.0467033	2.8169487	19.880447		-1.0879849E-5
190	14		0	-5.252181E-7	2.7127078	1.8924718	19.880447		-1.0879849E-5
191	15		1	-4.3645227E-7	6.430495	2.8934581	19.880447		-1.0879849E-5
192	16		1	-1.0702703E-6	2.7894921	1.9220045	19.880447		-1.0879849E-5
193	17		0	-3.9253473E-7	6.587076	2.9235442	19.880447		-1.0879849E-5
194	18		0	-1.0599205E-6	1.7593504	1.4643285	19.880447		-1.0879849E-5
195	19		1	-8.226476E-7	1.6106962	1.3844346	19.880447		-1.0879849E-5
196	20		1	-5.65622E-7	5.3109055	2.6578472	19.880447		-1.0879849E-5
197	21		2	-4.0842602E-7	5.4676685	2.6932456	19.880447		-1.0879849E-5
198	22		0	-5.267116E-7	5.5088286	2.702398	19.880447		-1.0879849E-5
199	23		3	-5.165128E-7	4.265665	2.3966157	19.880447		-1.0879849E-5
200	24		0	-4.8563277E-7	3.695012	2.231129	19.880447		-1.0879849E-5
201	25		2	-2.7493417E-7	5.45542	2.690511	19.880447		-1.0879849E-5
202	26		0	-9.3459533E-7	1.9848433	1.5776552	19.880447		-1.0879849E-5
203	27		2	-5.010247E-7	5.6117973	2.7250426	19.880447		-1.0879849E-5
204	28		2	-6.1476374E-7	3.5084872	2.1726434	19.880447		-1.0879849E-5
205	29		1	-8.095291E-7	1.7442545	1.4564142	19.880447		-1.0879849E-5
206	30		2	-4.5478092E-7	3.7824304	2.257744	19.880447		-1.0879849E-5
207	31		0	-6.666451E-7	2.782442	1.919318	19.880447		-1.0879849E-5
208	32		0	-6.06991E-7	3.702661	2.2334774	19.880447		-1.0879849E-5
209	33		0	-6.280538E-7	5.9207473	2.7909276	19.880447		-1.0879849E-5
210	34		0	-9.541749E-7	1.3581231	1.237639	19.880447		-1.0879849E-5
211	0		3	-3.2715525E-7	11.881414	3.687219	19.880447		-1.0879849E-5
212	1		1	-7.386937E-7	3.0316901	2.0113847	19.880447		-1.0879849E-5
213	2		1	-4.3118433E-7	4.4058304	2.4345162	19.880447		-1.0879849E-5
214	3		3	-5.169578E-7	2.5178092	1.8146771	19.880447		-1.0879849E-5
215	4		3	-1.1375812E-6	4.046573	2.335304	19.880447		-1.0879849E-5
216	5		3	-7.895633E-7	2.9737566	1.9905034	19.880447		-1.0879849E-5
217	6		3	-9.960274E-7	2.2128706	1.6838629	19.880447		-1.0879849E-5
218	7		3	-5.9067963E-7	4.395075	2.431643	19.880447		-1.0879849E-5
219	8		3	-5.240385E-7	2.6834552	1.8810598	19.880447		-1.0879849E-5
220	9		2	-4.556695E-7	6.5282216	2.9123092	19.880447		-1.0879849E-5
221	10		1	-7.517318E-7	4.7252626	2.5173419	19.880447		-1.0879849E-5
222	11		2	-4.831985E-7	3.4322038	2.1480243	19.880447		-1.0879849E-5
223	12		3	-3.2996243E-7	5.208096	2.634151	19.880447		-1.0879849E-5
224	13		1	-4.3181487E-7	6.0467033	2.8169487	19.880447		-1.0879849E-5
225	14		0	-5.252181E-7	2.7127078	1.8924718	19.880447		-1.0879849E-5
226	15		1	-4.3645227E-7	6.430495	2.8934581	19.880447		-1.0879849E-5
227	16		1	-1.0702703E-6	2.7894921	1.9220045	19.880447		-1.0879849E-5
228	17		0	-3.9253473E-7	6.587076	2.9235442	19.880447		-1.0879849E-5
229	18		0	-1.0599205E-6	1.7593504	1.4643285	19.880447		-1.0879849E-5
230	19		1	-8.226476E-7	1.6106962	1.3844346	19.880447		-1.0879849E-5
231	20		1	-5.65622E-7	5.3109055	2.6578472	19.880447		-1.0879849E-5
232	21		2	-4.0842602E-7	5.4676685	2.6932456	19.880447		-1.0879849E-5
233	22		0	-5.267116E-7	5.5088286	2.702398	19.880447		-1.0879849E-5
234	23		3	-5.165128E-7	4.265665	2.3966157	19.880447		-1.0879849E-5
235	24		0	-4.8563277E-7	3.695012	2.231129	19.880447		-1.0879849E-5
236	25		2	-2.7493417E-7	5.45542	2.690511	19.880447		-1.0879849E-5
237	26		0	-9.3459533E-7	1.9848433	1.5776552	19.880447		-1.0879849E-5
238	27		2	-5.010247E-7	5.6117973	2.7250426	19.880447		-1.0879849E-5
239	28		2	-6.1476374E-7	3.5084872	2.1726434	19.880447		-1.0879849E-5
240	29		1	-8.095291E-7	1.7442545	1.4564142	19.880447		-1.0879849E-5
241	30		2	-4.5478092E-7	3.7824304	2.257744	19.880447		-1.0879849E-5
242	31		0	-6.666451E-7	2.782442	1.919318	19.880447		-1.0879849E-5
243	32		0	-6.06991E-7	3.702661	2.2334774	19.880447		-1.0879849E-5
244	33		0	-6.280538E-7	5.9207473	2.7909276	19.880447		-1.0879849E-5
245	34		0	-9.541749E-7	1.3581231	1.237639	19.880447		-1.0879849E-5
246	0		3	-3.2715525E-7	11.881414	3.687219	19.880447		-1.0879849E-5
247	1		1	-7.386937E-7	3.0316901	2.0113847	19.880447		-1.0879849E-5
248	2		1	-4.3118433E-7	4.4058304	2.4345162	19.880447		-1.0879849E-5
249	3		3	-5.169578E-7	2.5178092	1.8146771	19.880447		-1.0879849E-5
250	4		3	-1.1375812E-6	4.046573	2.335304	19.880447		-1.0879849E-5
251	5		3	-7.895633E-7	2.9737566	1.9905034	19.880447		-1.0879849E-5
252	6		3	-9.960274E-7	2.2128706	1.6838629	19.880447		-1.0879849E-5
253	7		3	-5.9067963E-7	4.395075	2.431643	19.880447		-1.0879849E-5
254	8		3	-5.240385E-7	2.6834552	1.8810598	19.880447		-1.0879849E-5
255	9		2	-4.556695E-7	6.5282216	2.9123092	19.880447		-1.0879849E-5
256	10		1	-7.517318E-7	4.7252626	2.5173419	19.880447		-1.0879849E-5
257	11		2	-4.831985E-7	3.4322038	2.1480243	19.880447		-1.0879849E-5
258	12		3	-3.2996243E-7	5.208096	2.634151	19.880447		-1.0879849E-5
259	13		1	-4.3181487E-7	6.0467033	2.8169487	19.880447		-1.0879849E-5
260	14		0	-5.252181E-7	2.7127078	1.8924718	19.880447		-1.0879849E-5
261	15		1	-4.3645227E-7	6.430495	2.8934581	19.880447		-1.0879849E-5
262	16		1	-1.0702703E-6	2.7894921	1.9220045	19.880447		-1.0879849E-5
263	17		0	-3.9253473E-7	6.587076	2.9235442	19.880447		-1.0879849E-5
264	18		0	-1.0599205E-6	1.7593504	1.4643285	19.880447		-1.0879849E-5
265	19		1	-8.226476E-7	1.6106962	1.3844346	19.880447		-1.0879849E-5
266	20		1	-5.65622E-7	5.3109055	2.6578472	19.880447		-1.0879849E-5
267	21		2	-4.0842602E-7	5.4676685	2.6932456	19.880447		-1.0879849E-5
268	22		0	-5.267116E-7	5.5088286	2.702398	19.880447		-1.0879849E-5
269	23		3	-5.165128E-7	4.265665	2.3966157	19.880447		-1.0879849E-5
270	24		0	-4.8563277E-7	3.695012	2.231129	19.880447		-1.0879849E-5
271	25		2	-2.7493417E-7	5.45542	2.690511	19.880447		-1.0879849E-5
272	26		0	-9.3459533E-7	1.9848433	1.5776552	19.880447		-1.0879849E-5
273	27		2	-5.010247E-7	5.6117973	2.7250426	19.880447		-1.0879849E-5
274	28		2	-6.1476374E-7	3.5084872	2.1726434	19.880447		-1.0879849E-5
275	29		1	-8.095291E-7	1.7442545	1.4564142	19.880447		-1.0879849E-5
276	30		2	-4.5478092E-7	3.7824304	2.257744	19.880447		-1.0879849E-5
277	31		0	-6.666451E-7	2.782442	1.919318	19.880447		-1.0879849E-5
278	32		0	-6.06991E-7	3.702661	2.2334774	19.880447		-1.0879849E-5
279	33		0	-6.280538E-7	5.9207473	2.7909276	19.880447		-1.0879849E-5
280	34		0	-9.541749E-7	1.3581231	1.237639	19.880447		-1.0879849E-5
281	0		3	-3.2715525E-7	11.881414	3.687219	19.880447		-1.0879849E-5
282	1		1	-7.386937E-7	3.0316901	2.0113847	19.880447		-1.0879849E-5
283	2		1	-4.3118433E-7	4.4058304	2.4345162	19.880447		-1.0879849E-5
284	3		3	-5.169578E-7	2.5178092	1.8146771	19.880447		-1.0879849E-5
285	4		3	-1.1375812E-6	4.046573	2.335304	19.880447		-1.0879849E-5
286	5		3	-7.895633E-7	2.9737566	1.9905034	19.880447		-1.0879849E-5
287	6		3	-9.960274E-7	2.2128706	1.6838629	19.880447		-1.0879849E-5
288	7		3	-5.9067963E-7	4.395075	2.431643	19.880447		-1.0879849E-5
289	8		3	-5.240385E-7	2.6834552	1.8810598	19.880447		-1.0879849E-5
290	9		2	-4.556695E-7	6.5282216	2.9123092	19.880447		-1.0879849E-5
291	10		1	-7.517318E-7	4.7252626	2.5173419	19.880447		-1.0879849E-5
292	11		2	-4.831985E-7	3.4322038	2.1480243	19.880447		-1.0879849E-5
293	12		3	-3.2996243E-7	5.208096	2.634151	19.880447		-1.0879849E-5
294	13		1	-4.3181487E-7	6.0467033	2.8169487	19.880447		-1.0879849E-5
295	14		0	-5.252181E-7	2.7127078	1.8924718	19.880447		-1.0879849E-5
296	15		1	-4.3645227E-7	6.430495	2.8934581	19.880447		-1.0879849E-5
297	16		1	-1.0702703E-6	2.7894921	1.9220045	19.880447		-1.0879849E-5
298	17		0	-3.9253473E-7	6.587076	2.9235442	19.880447		-1.0879849E-5
299	18		0	-1.0599205E-6	1.7593504	1.4643285	19.880447		-1.0879849E-5
300	19		1	-8.226476E-7	1.6106962	1.3844346	19.880447		-1.0879849E-5
301	20		1	-5.65622E-7	5.3109055	2.6578472	19.880447		-1.0879849E-5
302	21		2	-4.0842602E-7	5.4676685	2.6932456	19.880447		-1.0879849E-5
303	22		0	-5.267116E-7	5.5088286	2.702398	19.880447		-1.0879849E-5
304	23		3	-5.165128E-7	4.265665	2.3966157	19.880447		-1.0879849E-5
305	24		0	-4.8563277E-7	3.695012	2.231129	19.880447		-1.0879849E-5
306	25		2	-2.7493417E-7	5.45542	2.690511	19.880447		-1.0879849E-5
307	26		0	-9.3459533E-7	1.9848433	1.5776552	19.880447		-1.0879849E-5
308	27		2	-5.010247E-7	5.6117973	2.7250426	19.880447		-1.0879849E-5
309	28		2	-6.1476374E-7	3.5084872	2.1726434	19.880447		-1.0879849E-5
310	29		1	-8.095291E-7	1.7442545	1.4564142	19.880447		-1.0879849E-5
311	30		2	-4.5478092E-7	3.7824304	2.257744	19.880447		-1.0879849E-5
312	31		0	-6.666451E-7	2.782442	1.919318	19.880447		-1.0879849E-5
313	32		0	-6.06991E-7	3.702661	2.2334774	19.880447		-1.0879849E-5
314	33		0	-6.280538E-7	5.9207473	2.7909276	19.880447		-1.0879849E-5
315	34		0	-9.541749E-7	1.3581231	1.237639	19.880447		-1.0879849E-5
316	0		3	-3.2715525E-7	11.881414	3.687219	19.880447		-1.0879849E-5
317	1		1	-7.386937E-7	3.0316901	2.0113847	19.880447		-1.0879849E-5
318	2		1	-4.3118433E-7	4.4058304	2.4345162	19.880447		-1.0879849E-5
319	3		3	-5.169578E-7	2.5178092	1.8146771	19.880447		-1.0879849E-5
320	4		3	-1.1375812E-6	4.046573	2.335304	19.880447		-1.0879849E-5
321	5		3	-7.895633E-7	2.9737566	1.9905034	19.880447		-1.0879849E-5
322	6		3	-9.960274E-7	2.2128706	1.6838629	19.880447		-1.0879849E-5
323	7		3	-5.9067963E-7	4.395075	2.431643	19.880447		-1.0879849E-5
324	8		3	-5.240385E-7	2.6834552	1.8810598	19.880447		-1.0879849E-5
325	9		2	-4.556695E-7	6.5282216	2.9123092	19.880447		-1.0879849E-5
326	10		1	-7.517318E-7	4.7252626	2.5173419	19.880447		-1.0879849E-5
327	11		2	-4.831985E-7	3.4322038	2.1480243	19.880447		-1.0879849E-5
328	12		3	-3.2996243E-7	5.208096	2.634151	19.880447		-1.0879849E-5
329	13		1	-4.3181487E-7	6.0467033	2.8169487	19.880447		-1.0879849E-5
330	14		0	-5.252181E-7	2.7127078	1.8924718	19.880447		-1.0879849E-5
331	15		1	-4.3645227E-7	6.430495	2.8934581	19.880447		-1.0879849E-5
332	16		1	-1.0702703E-6	2.7894921	1.9220045	19.880447		-1.0879849E-5
333	17		0	-3.9253473E-7	6.587076	2.9235442	19.880447		-1.0879849E-5
334	18		0	-1.0599205E-6	1.7593504	1.4643285	19.880447		-1.0879849E-5
335	19		1	-8.226476E-7	1.6106962	1.3844346	19.880447		-1.0879849E-5
336	20		1	-5.65622E-7	5.3109055	2.6578472	19.880447		-1.0879849E-5
337	21		2	-4.0842602E-7	5.4676685	2.6932456	19.880447		-1.0879849E-5
338	22		0	-5.267116E-7	5.5088286	2.702398	19.880447		-1.0879849E-5
339	23		3	-5.165128E-7	4.265665	2.3966157	19.880447		-1.0879849E-5
340	24		0	-4.8563277E-7	3.695012	2.231129	19.880447		-1.0879849E-5
341	25		2	-2.7493417E-7	5.45542	2.690511	19.880447		-1.0879849E-5
342	26		0	-9.3459533E-7	1.9848433	1.5776552	19.880447		-1.0879849E-5
343	27		2	-5.010247E-7	5.6117973	2.7250426	19.880447		-1.0879849E-5
344	28		2	-6.1476374E-7	3.5084872	2.1726434	19.880447		-1.0879849E-5
345	29		1	-8.095291E-7	1.7442545	1.4564142	19.880447		-1.0879849E-5
346	30		2	-4.5478092E-7	3.7824304	2.257744	19.880447		-1.0879849E-5
347	31		0	-6.666451E-7	2.782442	1.919318	19.880447		-1.0879849E-5
348	32		0	-6.06991E-7	3.702661	2.2334774	19.880447		-1.0879849E-5
349	33		0	-6.280538E-7	5.9207473	2.7909276	19.880447		-1.0879849E-5
350	34		0	-9.541749E-7	1.3581231	1.237639	19.880447		-1.0879849E-5
351	0		3	-3.2715525E-7	11.881414	3.687219	19.880447		-1.0879849E-5
352	1		1	-7.386937E-7	3.0316901	2.0113847	19.880447		-1.0879849E-5
353	2		1	-4.3118433E-7	4.4058304	2.4345162	19.880447		-1.0879849E-5
354	3		3	-5.169578E-7	2.5178092	1.8146771	19.880447		-1.0879849E-5
355	4		3	-1.1375812E-6	4.046573	2.335304	19.880447		-1.0879849E-5
356	5		3	-7.895633E-7	2.9737566	1.9905034	19.880447		-1.0879849E-5
357	6		3	-9.960274E-7	2.2128706	1.6838629	19.880447		-1.0879849E-5
358	7		3	-5.9067963E-7	4.395075	2.431643	19.880447		-1.0879849E-5
359	8		3	-5.240385E-7	2.6834552	1.8810598	19.880447		-1.0879849E-5
360	9		2	-4.556695E-7	6.5282216	2.9123092	19.880447		-1.0879849E-5
361	10		1	-7.517318E-7	4.7252626	2.5173419	19.880447		-1.0879849E-5
362	11		2	-4.831985E-7	3.4322038	2.1480243	19.880447		-1.0879849E-5
363	12		3	-3.2996243E-7	5.208096	2.634151	19.880447		-1.0879849E-5
364	13		1	-4.3181487E-7	6.0467033	2.8169487	19.880447		-1.0879849E-5
365	14		0	-5.252181E-7	2.7127078	1.8924718	19.880447		-1.0879849E-5
366	15		1	-4.3645227E-7	6.430495	2.8934581	19.880447		-1.0879849E-5
367	16		1	-1.0702703E-6	2.7894921	1.9220045	19.880447		-1.0879849E-5
368	17		0	-3.9253473E-7	6.587076	2.9235442	19.880447		-1.0879849E-5
369	18		0	-1.0599205E-6	1.7593504	1.4643285	19.880447		-1.0879849E-5
370	19		1	-8.226476E-7	1.6106962	1.3844346	19.880447		-1.0879849E-5
371	20		1	-5.65622E-7	5.3109055	2.6578472	19.880447		-1.0879849E-5
372	21		2	-4.0842602E-7	5.4676685	2.6932456	19.880447		-1.0879849E-5
373	22		0	-5.267116E-7	5.5088286	2.702398	19.880447		-1.0879849E-5
374	23		3	-5.165128E-7	4.265665	2.3966157	19.880447		-1.0879849E-5
375	24		0	-4.8563277E-7	3.695012	2.231129	19.880447		-1.0879849E-5
376	25		2	-2.7493417E-7	5.45542	2.690511	19.880447		-1.0879849E-5
377	26		0	-9.3459533E-7	1.9848433	1.5776552	19.880447		-1.0879849E-5
378	27		2	-5.010247E-7	5.6117973	2.7250426	19.880447		-1.0879849E-5
379	28		2	-6.1476374E-7	3.5084872	2.1726434	19.880447		-1.0879849E-5
380	29		1	-8.095291E-7	1.7442545	1.4564142	19.880447		-1.0879849E-5
381	30		2	-4.5478092E-7	3.7824304	2.257744	19.880447		-1.0879849E-5
382	31		0	-6.666451E-7	2.782442	1.919318	19.880447		-1.0879849E-5
383	32		0	-6.06991E-7	3.702661	2.2334774	19.880447		-1.0879849E-5
384	33		0	-6.280538E-7	5.9207473	2.7909276	19.880447		-1.0879849E-5
385	34		0	-9.541749E-7	1.3581231	1.237639	19.880447		-1.0879849E-5
386	0		3	-3.2715525E-7	11.881414	3.687219	19.880447		-1.0879849E-5
387	1		1	-7.386937E-7	3.0316901	2.0113847	19.880447		-1.0879849E-5
388	2		1	-4.3118433E-7	4.4058304	2.4345162	19.880447		-1.0879849E-5
389	3		3	-5.169578E-7	2.5178092	1.8146771	19.880447		-1.0879849E-5
390	4		3	-1.1375812E-6	4.046573	2.335304	19.880447		-1.0879849E-5
391	5		3	-7.895633E-7	2.9737566	1.9905034	19.880447		-1.0879849E-5
392	6		3	-9.960274E-7	2.2128706	1.6838629	19.880447		-1.0879849E-5
393	7		3	-5.9067963E-7	4.395075	2.431643	19.880447		-1.0879849E-5
394	8		3	-5.240385E-7	2.6834552	1.8810598	19.880447		-1.0879849E-5
395	9		2	-4.556695E-7	6.5282216	2.9123092	19.880447		-1.0879849E-5
396	10		1	-7.517318E-7	4.7252626	2.5173419	19.880447		-1.0879849E-5
397	11		2	-4.831985E-7	3.4322038	2.1480243	19.880447		-1.0879849E-5
398	12		3	-3.2996243E-7	5.208096	2.634151	19.880447		-1.0879849E-5
399	13		1	-4.3181487E-7	6.0467033	2.8169487	19.880447		-1.0879849E-5
400	14		0	-5.252181E-7	2.7127078	1.8924718	19.880447		-1.0879849E-5
401	15		1	-4.3645227E-7	6.430495	2.8934581	19.880447		-1.0879849E-5
402	16		1	-1.0702703E-6	2.7894921	1.9220045	19.880447		-1.0879849E-5
403	17		0	-3.9253473E-7	6.587076	2.9235442	19.880447		-1.0879849E-5
404	18		0	-1.0599205E-6	1.7593504	1.4643285	19.880447		-1.0879849E-5
405	19		1	-8.226476E-7	1.6106962	1.3844346	19.880447		-1.0879849E-5
406	20		1	-5.65622E-7	5.3109055	2.6578472	19.880447		-1.0879849E-5
407	21		2	-4.0842602E-7	5.4676685	2.6932456	19.880447		-1.0879849E-5
408	22		0	-5.267116E-7	5.5088286	2.702398	19.880447		-1.0879849E-5
409	23		3	-5.165128E-7	4.265665	2.3966157	19.880447		-1.0879849E-5
410	24		0	-4.8563277E-7	3.695012	2.231129	19.880447		-1.0879849E-5
411	25		2	-2.7493417E-7	5.45542	2.690511	19.880447		-1.0879849E-5
412	26		0	-9.3459533E-7	1.9848433	1.5776552	19.880447		-1.0879849E-5
413	27		2	-5.010247E-7	5.6117973	2.7250426	19.880447		-1.0879849E-5
414	28		2	-6.1476374E-7	3.5084872	2.1726434	19.880447		-1.0879849E-5
415	29		1	-8.095291E-7	1.7442545	1.4564142	19.880447		-1.0879849E-5
416	30		2	-4.5478092E-7	3.7824304	2.257744	19.880447		-1.0879849E-5
417	31		0	-6.666451E-7	2.782442	1.919318	19.880447		-1.0879849E-5
418	32		0	-6.06991E-7	3.702661	2.2334774	19.880447		-1.0879849E-5
419	33		0	-6.280538E-7	5.9207473	2.7909276	19.880447		-1.0879849E-5
420	34		0	-9.541749E-7	1.3581231	1.237639	19.880447		-1.0879849E-5
421	0		3	-3.2715525E-7	11.881414	3.687219	19.880447		-1.0879849E-5
422	1		1	-7.386937E-7	3.0316901	2.0113847	19.880447		-1.0879849E-5
423	2		1	-4.3118433E-7	4.4058304	2.4345162	19.880447		-1.0879849E-5
424	3		3	-5.169578E-7	2.5178092	1.8146771	19.880447		-1.0879849E-5
425	4		3	-1.1375812E-6	4.046573	2.335304	19.880447		-1.0879849E-5
426	5		3	-7.895633E-7	2.9737566	1.9905034	19.880447		-1.0879849E-5
427	6		3	-9.960274E-7	2.2128706	1.6838629	19.880447		-1.0879849E-5
428	7		3	-5.9067963E-7	4.395075	2.431643	19.880447		-1.0879849E-5
429	8		3	-5.240385E-7	2.6834552	1.8810598	19.880447		-1.0879849E-5
430	9		2	-4.556695E-7	6.5282216	2.9123092	19.880447		-1.0879849E-5
431	10		1	-7.517318E-7	4.7252626	2.5173419	19.880447		-1.0879849E-5
432	11		2	-4.831985E-7	3.4322038	2.1480243	19.880447		-1.0879849E-5
433	12		3	-3.2996243E-7	5.208096	2.634151	19.880447		-1.0879849E-5
434	13		1	-4.3181487E-7	6.0467033	2.8169487	19.880447		-1.0879849E-5
435	14		0	-5.252181E-7	2.7127078	1.8924718	19.880447		-1.0879849E-5
436	15		1	-4.3645227E-7	6.430495	2.8934581	19.880447		-1.0879849E-5
437	16		1	-1.0702703E-6	2.7894921	1.9220045	19.880447		-1.0879849E-5
438	17		0	-3.9253473E-7	6.587076	2.9235442	19.880447		-1.0879849E-5
439	18		0	-1.0599205E-6	1.7593504	1.4643285	19.880447		-1.0879849E-5
440	19		1	-8.226476E-7	1.6106962	1.3844346	19.880447		-1.0879849E-5
441	20		1	-5.65622E-7	5.3109055	2.6578472	19.880447		-1.0879849E-5
442	21		2	-4.0842602E-7	5.4676685	2.6932456	19.880447		-1.0879849E-5
443	22		0	-5.267116E-7	5.5088286	2.702398	19.880447		-1.0879849E-5
444	23		3	-5.165128E-7	4.265665	2.3966157	19.880447		-1.0879849E-5
445	24		0	-4.8563277E-7	3.695012	2.231129	19.880447		-1.0879849E-5
446	25		2	-2.7493417E-7	5.45542	2.690511	19.880447		-1.0879849E-5
447	26		0	-9.3459533E-7	1.9848433	1.5776552	19.880447		-1.0879849E-5
448	27		2	-5.010247E-7	5.6117973	2.7250426	19.880447		-1.0879849E-5
449	28		2	-6.1476374E-7	3.5084872	2.1726434	19.880447		-1.0879849E-5
450	29		1	-8.095291E-7	1.7442545	1.4564142	19.880447		-1.0879849E-5
451	30		2	-4.5478092E-7	3.7824304	2.257744	19.880447		-1.0879849E-5
452	31		0	-6.666451E-7	2.782442	1.919318	19.880447		-1.0879849E-5
453	32		0	-6.06991E-7	3.702661	2.2334774	19.880447		-1.0879849E-5
454	33		0	-6.280538E-7	5.9207473	2.7909276	19.880447		-1.0879849E-5
455	34		0	-9.541749E-7	1.3581231	1.237639	19.880447		-1.0879849E-5
456	0		3	-3.2715525E-7	11.881414	3.687219	19.880447		-1.0879849E-5
457	1		1	-7.386937E-7	3.0316901	2.0113847	19.880447		-1.0879849E-5
458	2		1	-4.3118433E-7	4.4058304	2.4345162	19.880447		-1.0879849E-5
459	3		3	-5.169578E-7	2.5178092	1.8146771	19.880447		-1.0879849E-5
460	4		3	-1.1375812E-6	4.046573	2.335304	19.880447		-1.0879849E-5
461	5		3	-7.895633E-7	2.9737566	1.9905034	19.880447		-1.0879849E-5
462	6		3	-9.960274E-7	2.2128706	1.6838629	19.880447		-1.0879849E-5
463	7		3	-5.9067963E-7	4.395075	2.431643	19.880447		-1.0879849E-5
464	8		3	-5.240385E-7	2.6834552	1.8810598	19.880447		-1.0879849E-5
465	9		2	-4.556695E-7	6.5282216	2.9123092	19.880447		-1.0879849E-5
466	10		1	-7.517318E-7	4.7252626	2.5173419	19.880447		-1.0879849E-5
467	11		2	-4.831985E-7	3.4322038	2.1480243	19.880447		-1.0879849E-5
468	12		3	-3.2996243E-7	5.208096	2.634151	19.880447		-1.0879849E-5
469	13		1	-4.3181487E-7	6.0467033	2.8169487	19.880447		-1.0879849E-5
470	14		0	-5.252181E-7	2.7127078	1.8924718	19.880447		-1.0879849E-5
471	15		1	-4.3645227E-7	6.430495	2.8934581	19.880447		-1.0879849E-5
472	16		1	-1.0702703E-6	2.7894921	1.9220045	19.880447		-1.0879849E-5
473	17		0	-3.9253473E-7	6.587076	2.9235442	19.880447		-1.0879849E-5
474	18		0	-1.0599205E-6	1.7593504	1.4643285	19.880447		-1.0879849E-5
475	19		1	-8.226476E-7	1.6106962	1.3844346	19.880447		-1.0879849E-5
476	20		1	-5.65622E-7	5.3109055	2.6578472	19.880447		-1.0879849E-5
477	21		2	-4.0842602E-7	5.4676685	2.6932456	19.880447		-1.0879849E-5
478	22		0	-5.267116E-7	5.5088286	2.702398	19.880447		-1.0879849E-5
479	23		3	-5.165128E-7	4.265665	2.3966157	19.880447		-1.0879849E-5
480	24		0	-4.8563277E-7	3.695012	2.231129	19.880447		-1.0879849E-5
481	25		2	-2.7493417E-7	5.45542	2.690511	19.880447		-1.0879849E-5
482	26		0	-9.3459533E-7	1.9848433	1.5776552	19.880447		-1.0879849E-5
483	27		2	-5.010247E-7	5.6117973	2.7250426	19.880447		-1.0879849E-5
484	28		2	-6.1476374E-7	3.5084872	2.1726434	19.880447		-1.0879849E-5
485	29		1	-8.095291E-7	1.7442545	1.4564142	19.880447		-1.0879849E-5
486	30		2	-4.5478092E-7	3.7824304	2.257744	19.880447		-1.0879849E-5
487	31		0	-6.666451E-7	2.782442	1.919318	19.880447		-1.0879849E-5
488	32		0	-6.06991E-7	3.702661	2.2334774	19.880447		-1.0879849E-5
489	33		0	-6.280538E-7	5.9207473	2.7909276	19.880447		-1.0879849E-5
490	34		0	-9.541749E-7	1.3581231	1.237639	19.880447		-1.0879849E-5
491	0		3	-3.2715525E-7	11.881414	3.687219	19.880447		-1.0879849E-5
492	1		1	-7.386937E-7	3.0316901	2.0113847	19.880447		-1.0879849E-5
493	2		1	-4.3118433E-7	4.4058304	2.4345162	19.880447		-1.0879849E-5
494	3		3	-5.169578E-7	2.5178092	1.8146771	19.880447		-1.0879849E-5
495	4		3	-1.1375812E-6	4.046573	2.335304	19.880447		-1.0879849E-5
496	5		3	-7.895633E-7	2.9737566	1.9905034	19.880447		-1.0879849E-5
497	6		3	-9.960274E-7	2.2128706	1.6838629	19.880447		-1.0879849E-5
498	7		3	-5.9067963E-7	4.395075	2.431643	19.880447		-1.0879849E-5
499	8		3	-5.240385E-7	2.6834552	1.8810598	19.880447		-1.0879849E-5
500	9		2	-4.556695E-7	6.5282216	2.9123092	19.880447		-1.0879849E-5
501	10		1	-7.517318E-7	4.7252626	2.5173419	19.880447		-1.0879849E-5
502	11		2	-4.831985E-7	3.4322038	2.1480243	19.880447		-1.0879849E-5
503	12		3	-3.2996243E-7	5.208096	2.634151	19.880447		-1.0879849E-5
504	13		1	-4.3181487E-7	6.0467033	2.8169487	19.880447		-1.0879849E-5
505	14		0	-5.252181E-7	2.7127078	1.8924718	19.880447		-1.0879849E-5
506	15		1	-4.3645227E-7	6.430495	2.8934581	19.880447		-1.0879849E-5
507	16		1	-1.0702703E-6	2.7894921	1.9220045	19.880447		-1.0879849E-5
508	17		0	-3.9253473E-7	6.587076	2.9235442	19.880447		-1.0879849E-5
509	18		0	-1.0599205E-6	1.7593504	1.4643285	19.880447		-1.0879849E-5
510	19		1	-8.226476E-7	1.6106962	1.3844346	19.880447		-1.0879849E-5
511	20		1	-5.65622E-7	5.3109055	2.6578472	19.880447		-1.0879849E-5
512	21		2	-4.0842602E-7	5.4676685	2.6932456	19.880447		-1.0879849E-5
513	22		0	-5.267116E-7	5.5088286	2.702398	19.880447		-1.0879849E-5
514	23		3	-5.165128E-7	4.265665	2.3966157	19.880447		-1.0879849E-5
515	24		0	-4.8563277E-7	3.695012	2.231129	19.880447		-1.0879849E-5
516	25		2	-2.7493417E-7	5.45542	2.690511	19.880447		-1.0879849E-5
517	26		0	-9.3459533E-7	1.9848433	1.5776552	19.880447		-1.0879849E-5
518	27		2	-5.010247E-7	5.6117973	2.7250426	19.880447		-1.0879849E-5
519	28		2	-6.1476374E-7	3.5084872	2.1726434	19.880447		-1.0879849E-5
520	29		1	-8.095291E-7	1.7442545	1.4564142	19.880447		-1.0879849E-5
521	30		2	-4.5478092E-7	3.7824304	2.257744	19.880447		-1.0879849E-5
522	31		0	-6.666451E-7	2.782442	1.919318	19.880447		-1.0879849E-5
523	32		0	-6.06991E-7	3.702661	2.2334774	19.880447		-1.0879849E-5
524	33		0	-6.280538E-7	5.9207473	2.7909276	19.880447		-1.0879849E-5
525	34		0	-9.541749E-7	1.3581231	1.237639	19.880447		-1.0879849E-5
